eval_loss = 1.4970421879083518
mcc = 0.5299659404649717
